height: 576
width: 640
distortion_model: "rational_polynomial"
D: [5.268435478210449, 3.5621509552001953, -6.14773682627856e-07, -4.438921678229235e-05, 0.1832902431488037, 5.597447872161865, 5.32110071182251, 0.9697896838188171]
K: [503.9581604003906, 0.0, 325.4591064453125, 0.0, 504.0079345703125, 340.33404541015625, 0.0, 0.0, 1.0]
R: [1.0, 0.0, 0.0, 0.0, 1.0, 0.0, 0.0, 0.0, 1.0]
P: [503.9581604003906, 0.0, 325.4591064453125, 0.0, 0.0, 504.0079345703125, 340.33404541015625, 0.0, 0.0, 0.0, 1.0, 0.0]
binning_x: 0
binning_y: 0
roi: 
  x_offset: 0
  y_offset: 0
  height: 0
  width: 0
  do_rectify: False

